516	107171	20181	220088
587	20181
630	147190	5960
789	53225
3399	18941	6583	5960
3742	4985	247500	5840	220088
3752	319215	50891	45419	20181	263302
3887	6582
4055	18941	5960	283147
4056	176834	38676	5960
4746	247157	5960
4821	20181	220088
4822	319215	50891	20181	115282
4914	309492	5960
4995	128840	20181	220088
5460	18941	164904	5960
6035	6582	318536	12649
6495	59198	5195	53225
7110	107171	137743	20181
7790	25635	5960
8434	20179	65951	20181
15048	319215	20179	50891	65951	20181
16975	20181
18219	12673	199353	5960
19401	115154	6582	318536
20725	6582	318536
21758	5860	6582	255673
23562	53609	152992	5960	290053
26339	53229	164904	5960
31531	247500	220088
32523	53225	147190
34964	20181	220088
38690	5876	6582	5195	220110	33010	5833
38973	147190	5960
43632	247475	5867	6582
45182	319215	50891	6582
45936	147190	5960
47344	66748	6582	318536
48517	20181	220088
53072	53225
53612	53225
55572	20181	5840	220088
56264	153851	319846	6582	5833
56760	53225
56768	53225	147190
58121	310409	283149	5960
58599	117342	6582
60524	20181	220088
60526	20181	220088
60528	319215	50891	20181	220088
60611	152992	5960
60613	152992	38676	5960
62612	53225	147190
62613	53225	147190
62639	53225
63110	152992	5960	300029
63943	20181	220088
64422	153851	319787	20181
64761	240282	5195	53225
66398	319215	50891	53225
66508	20181	220088
66510	186914	20181	220088
67560	147190	5960
67865	5960
70232	5960
71502	259620	314029	4985	247500	5840	220088
71551	53225	147190
72086	190074	6582	5874	6536
72323	5371	6582
72851	53225
80929	96983	78441	200524	147190	5960
82117	152992	5960
82153	220088	5960
82155	147190	5960
82623	137743	20181	220088
83959	6582	318536
84176	153851	319790	6582	318536
84757	147190	5960
88856	6582	318536
90031	199353	6582	91044
91071	5960
91847	6582	254990	6544
96553	6582	54314	5172	9648
97330	54394	9721	5960
97341	4985	247500	220088
97432	152992	5960
99590	83785	20181	184114
102567	20179	65951	20181
104372	238721	5960
104378	238721	147190	5960
104387	147190	5960
107547	20181	220088
109441	152992	5960
109446	147190	5960
113466	238721	34696	119749	5960
114994	5871	152992	53225
116178	319215	50891	53225	147190
116182	8292	26273	48877	48870	103383	287386	317405	223694	53225
117563	20181	263302
118281	169121	6582	318536
120495	4985	247500	220088
126263	53225	147190
128008	319215	50891	31550	53225
151622	42474	275816	31146	6582	305861	5875
164418	319215	50891	247500	147190
164454	258861	319215	182206	50891	247500	147190
175981	258448	53225
179088	6582
181108	259620	290911	319215	314029	311574	4985	319220	247500	147190
183177	83785	318928	53225	147190
183830	319215	314111	190074	50891	6582
187866	5195	53225
188232	83785	318925	53225	147190
201386	6582	318536	6544	23810
203090	43743	20181	220088
205216	6582
208393	240282	53225
208394	240282	53225
211231	5834	147210	6386	5960
212400	147190	5960	60823
215209	103383	103382	5195	53225
215712	53225	147190
219808	6582	318536	73406	50746
221267	6582	220102
225631	152992	5960
225659	5960
226634	83785	240282	5195	318928	53225
227558	53225
231492	53225	147190
234424	5960
236592	319215	50891	53225
236795	20181
238590	314252	64273	247500	220088
241440	309492	147190	5960
243271	5195	53225	79847	312722
243764	6582	318536
244851	71577	20181	220088
247462	247500	220088
247471	247500	220088
247801	247500
249471	5188	11223	6582
249883	236005	236008	11222	63576	8545	6582
255096	20181	220088
261109	115154	6582	318536
264924	115154	6582	318536
272095	247500	147190
279548	42483	6582
280179	6582	305861
281288	152992	5960
282293	6582	318536
284123	6582	318536
287256	147190	5960
296817	319215	50891	53225
303201	152992	296924	5960
304878	4985	247500	220088
305037	5195	247500	52080
305174	53225	147190
305175	53225	147190
305881	20727	6582
307090	319215	319224	247500	47627	220088
307919	53225
307963	58822	247500	47627	220088
307964	147205	247500
309617	55496	233185	53225
312382	11223	53225
314361	314252	240282	247500	220088
314830	6582
315747	89104	20181	220088
316290	275816	6582	5172
318219	153851	319756	247157	9721	5960
320880	71577	20181